ambient[]={0.003000,0.003000,0.003000,0.040000};
diffuse[]={0.003000,0.003000,0.003000,0.035000};
forcedDiffuse[]={0.253000,0.253000,0.253000,0.035000};
emmisive[]={0.000000,0.000000,0.000000,1.000000};
specular[]={0.000000,0.000000,0.000000,1.000000};
specularPower=1.000000;
PixelShaderID="Normal";
VertexShaderID="Basic";
